+----------+-----------------+-----------+-----------+-----------+-----------+--------+
|   Vendor | SS              |   Jaccard |   ROUGE-1 |   ROUGE-2 |   ROUGE-L |   BLEU |
+==========+=================+===========+===========+===========+===========+========+
|        1 | 0.3729 ± 0.1221 |    0.0318 |    0.0598 |    0.0046 |    0.0539 | 0.0192 |
+----------+-----------------+-----------+-----------+-----------+-----------+--------+
|        2 | 0.4076 ± 0.1241 |    0.0668 |    0.1211 |    0.0224 |    0.1115 | 0.0373 |
+----------+-----------------+-----------+-----------+-----------+-----------+--------+
|        3 | 0.3824 ± 0.1121 |    0.0554 |    0.1115 |    0.0239 |    0.1100 | 0.0508 |
+----------+-----------------+-----------+-----------+-----------+-----------+--------+
|        4 | 0.4277 ± 0.0808 |    0.0471 |    0.1052 |    0.0187 |    0.0879 | 0.0280 |
+----------+-----------------+-----------+-----------+-----------+-----------+--------+
|        5 | 0.3546 ± 0.1480 |    0.0400 |    0.0718 |    0.0068 |    0.0688 | 0.0280 |
+----------+-----------------+-----------+-----------+-----------+-----------+--------+
|        6 | 0.3453 ± 0.1354 |    0.0235 |    0.0568 |    0.0020 |    0.0523 | 0.0214 |
+----------+-----------------+-----------+-----------+-----------+-----------+--------+
|        7 | 0.3700 ± 0.0923 |    0.0297 |    0.0643 |    0.0069 |    0.0608 | 0.0300 |
+----------+-----------------+-----------+-----------+-----------+-----------+--------+
|        8 | 0.3524 ± 0.0708 |    0.0254 |    0.0638 |    0.0045 |    0.0617 | 0.0264 |
+----------+-----------------+-----------+-----------+-----------+-----------+--------+
|        9 | 0.3113 ± 0.1251 |    0.0330 |    0.0610 |    0.0087 |    0.0610 | 0.0308 |
+----------+-----------------+-----------+-----------+-----------+-----------+--------+
|       10 | 0.3238 ± 0.1487 |    0.0353 |    0.0692 |    0.0088 |    0.0621 | 0.0219 |
+----------+-----------------+-----------+-----------+-----------+-----------+--------+
|       11 | 0.3442 ± 0.1146 |    0.0255 |    0.0468 |    0.0057 |    0.0411 | 0.0236 |
+----------+-----------------+-----------+-----------+-----------+-----------+--------+
|       12 | 0.3271 ± 0.1166 |    0.0246 |    0.0476 |    0.0014 |    0.0449 | 0.0163 |
+----------+-----------------+-----------+-----------+-----------+-----------+--------+
|       13 | 0.3647 ± 0.0630 |    0.0253 |    0.0677 |    0.0000 |    0.0657 | 0.0242 |
+----------+-----------------+-----------+-----------+-----------+-----------+--------+
|       14 | 0.3477 ± 0.0768 |    0.0253 |    0.0418 |    0.0000 |    0.0393 | 0.0162 |
+----------+-----------------+-----------+-----------+-----------+-----------+--------+
|       15 | 0.3809 ± 0.1543 |    0.0315 |    0.0508 |    0.0080 |    0.0508 | 0.0219 |
+----------+-----------------+-----------+-----------+-----------+-----------+--------+
|       16 | 0.3961 ± 0.0990 |    0.0377 |    0.0759 |    0.0135 |    0.0736 | 0.0253 |
+----------+-----------------+-----------+-----------+-----------+-----------+--------+
|       17 | 0.3867 ± 0.1091 |    0.0416 |    0.0823 |    0.0082 |    0.0804 | 0.0279 |
+----------+-----------------+-----------+-----------+-----------+-----------+--------+
|       18 | 0.3391 ± 0.1293 |    0.0173 |    0.0508 |    0.0021 |    0.0472 | 0.0153 |
+----------+-----------------+-----------+-----------+-----------+-----------+--------+
|       19 | 0.3646 ± 0.0599 |    0.0237 |    0.0581 |    0.0016 |    0.0522 | 0.0223 |
+----------+-----------------+-----------+-----------+-----------+-----------+--------+
|       20 | 0.3994 ± 0.1455 |    0.0406 |    0.0620 |    0.0030 |    0.0574 | 0.0169 |
+----------+-----------------+-----------+-----------+-----------+-----------+--------+
|       21 | 0.3231 ± 0.1507 |    0.0264 |    0.0578 |    0.0020 |    0.0578 | 0.0216 |
+----------+-----------------+-----------+-----------+-----------+-----------+--------+
|       22 | 0.3899 ± 0.0752 |    0.0481 |    0.0885 |    0.0077 |    0.0598 | 0.0261 |
+----------+-----------------+-----------+-----------+-----------+-----------+--------+
|       23 | 0.3513 ± 0.0962 |    0.0235 |    0.0673 |    0.0049 |    0.0601 | 0.0341 |
+----------+-----------------+-----------+-----------+-----------+-----------+--------+
|       24 | 0.3972 ± 0.1076 |    0.0341 |    0.0947 |    0.0073 |    0.0894 | 0.0237 |
+----------+-----------------+-----------+-----------+-----------+-----------+--------+
|       25 | 0.3247 ± 0.1293 |    0.0203 |    0.0429 |    0.0035 |    0.0380 | 0.0119 |
+----------+-----------------+-----------+-----------+-----------+-----------+--------+
|       26 | 0.3097 ± 0.1633 |    0.0316 |    0.0572 |    0.0022 |    0.0552 | 0.0225 |
+----------+-----------------+-----------+-----------+-----------+-----------+--------+
|       27 | 0.3296 ± 0.1664 |    0.0359 |    0.0898 |    0.0108 |    0.0751 | 0.0288 |
+----------+-----------------+-----------+-----------+-----------+-----------+--------+
|       28 | 0.3764 ± 0.0855 |    0.0315 |    0.0741 |    0.0101 |    0.0718 | 0.0221 |
+----------+-----------------+-----------+-----------+-----------+-----------+--------+
|       29 | 0.3487 ± 0.0790 |    0.0378 |    0.0942 |    0.0078 |    0.0786 | 0.0221 |
+----------+-----------------+-----------+-----------+-----------+-----------+--------+